15 15 1670278443
21 17 1670278443
37 18 1670278443
49 19 1670278443
112 20 1670278443
129 23 1670278443
132 24 1670278443
142 25 1670278443
15 14.9748 1670278473
21 16.9097 1670278473
37 18.0208 1670278473
49 18.7934 1670278473
112 20.0653 1670278473
129 23.1996 1670278473
132 23.8387 1670278473
142 24.8238 1670278473
15 14.829 1670278503
21 17.0921 1670278503
37 18.2333 1670278503
49 18.7522 1670278503
112 20.1853 1670278503
129 22.9917 1670278503
132 23.9361 1670278503
142 24.9534 1670278503
15 14.8778 1670278533
21 16.935 1670278533
37 18.291 1670278533
49 18.9696 1670278533
112 20.0802 1670278533
129 23.1045 1670278533
132 23.7116 1670278533
142 24.8599 1670278533
15 14.6984 1670278563
21 17.09 1670278563
37 18.276 1670278563
49 19.118 1670278563
112 20.1873 1670278563
129 22.9921 1670278563
132 23.485 1670278563
142 24.9726 1670278563
15 14.6953 1670278593
21 17.0035 1670278593
37 18.2146 1670278593
49 19.257 1670278593
112 20.2466 1670278593
129 23.1534 1670278593
132 23.7144 1670278593
142 25.0208 1670278593
15 14.6396 1670278623
21 17.1402 1670278623
37 18.2389 1670278623
49 19.4076 1670278623
112 20.0244 1670278623
129 23.3174 1670278623
132 23.6127 1670278623
142 25.182 1670278623
15 14.856 1670278653
21 17.0758 1670278653
37 18.3749 1670278653
49 19.6032 1670278653
112 19.8766 1670278653
129 23.5107 1670278653
132 23.8241 1670278653
142 25.0286 1670278653
15 14.7793 1670278683
21 17.1217 1670278683
37 18.3262 1670278683
49 19.5961 1670278683
112 19.9758 1670278683
129 23.3989 1670278683
132 24.0738 1670278683
142 24.7853 1670278683
15 14.6509 1670278713
21 16.9932 1670278713
37 18.3398 1670278713
49 19.7303 1670278713
112 20.1885 1670278713
129 23.2804 1670278713
132 23.8617 1670278713
142 24.8637 1670278713
15 14.894 1670278743
21 16.8941 1670278743
37 18.1118 1670278743
49 19.9378 1670278743
112 20.2581 1670278743
129 23.1258 1670278743
132 23.9383 1670278743
142 25.0265 1670278743
15 14.8913 1670278773
21 16.8966 1670278773
37 18.043 1670278773
49 20.1553 1670278773
112 20.0723 1670278773
129 22.9704 1670278773
132 24.0487 1670278773
142 24.8873 1670278773
15 14.6869 1670278803
21 16.7954 1670278803
37 17.8218 1670278803
49 19.9458 1670278803
112 19.8271 1670278803
129 23.1824 1670278803
132 23.8442 1670278803
142 24.7711 1670278803
15 14.7653 1670278833
21 16.841 1670278833
37 17.616 1670278833
49 20.0189 1670278833
112 19.7934 1670278833
129 23.0304 1670278833
132 24.0148 1670278833
142 24.7723 1670278833
15 14.7068 1670278863
21 17.0565 1670278863
37 17.4235 1670278863
49 19.9358 1670278863
112 19.6004 1670278863
129 22.9556 1670278863
132 24.1655 1670278863
142 24.6629 1670278863
15 14.9014 1670278893
21 16.8534 1670278893
37 17.2031 1670278893
49 19.827 1670278893
112 19.4286 1670278893
129 22.9021 1670278893
132 24.3316 1670278893
142 24.6377 1670278893
15 14.8163 1670278923
21 17.0223 1670278923
37 17.0952 1670278923
49 19.7076 1670278923
112 19.2035 1670278923
129 22.8716 1670278923
132 24.3687 1670278923
142 24.7541 1670278923
15 14.7577 1670278953
21 17.0296 1670278953
37 17.1826 1670278953
49 19.7141 1670278953
112 19.2524 1670278953
129 22.9245 1670278953
132 24.3542 1670278953
142 24.8483 1670278953
15 14.855 1670278983
21 17.0422 1670278983
37 17.1676 1670278983
49 19.5707 1670278983
112 19.3888 1670278983
129 23.0556 1670278983
132 24.1615 1670278983
142 24.6956 1670278983
15 14.8233 1670279013
21 16.8597 1670279013
37 17.3672 1670279013
49 19.5914 1670279013
112 19.4688 1670279013
129 23.1017 1670279013
132 24.1106 1670279013
142 24.7568 1670279013
15 14.6317 1670279043
21 16.6141 1670279043
37 17.3974 1670279043
49 19.7968 1670279043
112 19.5783 1670279043
129 22.9956 1670279043
132 24.1204 1670279043
142 24.52 1670279043
15 14.7252 1670279073
21 16.8266 1670279073
37 17.6459 1670279073
49 20.0466 1670279073
112 19.6102 1670279073
129 23.1497 1670279073
132 24.1836 1670279073
142 24.7335 1670279073
15 14.6186 1670279103
21 16.8405 1670279103
37 17.4548 1670279103
49 20.2117 1670279103
112 19.5349 1670279103
129 22.9237 1670279103
132 24.3154 1670279103
142 24.7351 1670279103
15 14.7052 1670279133
21 16.9109 1670279133
37 17.6785 1670279133
49 20.116 1670279133
112 19.5977 1670279133
129 22.8969 1670279133
132 24.49 1670279133
142 24.6434 1670279133
15 14.7075 1670279163
21 16.9761 1670279163
37 17.7738 1670279163
49 20.0182 1670279163
112 19.4613 1670279163
129 22.9171 1670279163
132 24.5319 1670279163
142 24.3941 1670279163
15 14.5357 1670279193
21 16.9907 1670279193
37 17.6442 1670279193
49 20.0527 1670279193
112 19.387 1670279193
129 23.0261 1670279193
132 24.5659 1670279193
142 24.499 1670279193
15 14.6274 1670279223
21 16.8213 1670279223
37 17.437 1670279223
49 20.0697 1670279223
112 19.3847 1670279223
129 23.251 1670279223
132 24.5235 1670279223
142 24.4936 1670279223
15 14.8156 1670279253
21 16.7181 1670279253
37 17.1949 1670279253
49 19.9706 1670279253
112 19.2969 1670279253
129 23.304 1670279253
132 24.426 1670279253
142 24.3306 1670279253
15 14.6098 1670279283
21 16.9351 1670279283
37 17.0315 1670279283
49 20.1951 1670279283
112 19.4785 1670279283
129 23.327 1670279283
132 24.308 1670279283
142 24.4969 1670279283
15 14.6935 1670279313
21 16.8027 1670279313
37 17.1548 1670279313
49 20.2462 1670279313
112 19.5445 1670279313
129 23.3544 1670279313
132 24.2706 1670279313
142 24.386 1670279313
15 14.6291 1670279343
21 16.6182 1670279343
37 16.9378 1670279343
49 20.3005 1670279343
112 19.5281 1670279343
129 23.5297 1670279343
132 24.3553 1670279343
142 24.4685 1670279343
15 14.4324 1670279373
21 16.7323 1670279373
37 17.1529 1670279373
49 20.3135 1670279373
112 19.6859 1670279373
129 23.6934 1670279373
132 24.2729 1670279373
142 24.5845 1670279373
15 14.5292 1670279403
21 16.8353 1670279403
37 17.2771 1670279403
49 20.3582 1670279403
112 19.5464 1670279403
129 23.6549 1670279403
132 24.0944 1670279403
142 24.748 1670279403
15 14.3433 1670279433
21 16.8041 1670279433
37 17.2725 1670279433
49 20.4938 1670279433
112 19.5886 1670279433
129 23.6516 1670279433
132 23.8827 1670279433
142 24.7185 1670279433
15 14.5915 1670279463
21 16.721 1670279463
37 17.2667 1670279463
49 20.5153 1670279463
112 19.5964 1670279463
129 23.5825 1670279463
132 24.0004 1670279463
142 24.7841 1670279463
15 14.4765 1670279493
21 16.9429 1670279493
37 17.441 1670279493
49 20.7533 1670279493
112 19.7364 1670279493
129 23.4724 1670279493
132 24.0437 1670279493
142 24.7116 1670279493
15 14.5812 1670279523
21 17.0357 1670279523
37 17.5006 1670279523
49 20.9393 1670279523
112 19.6777 1670279523
129 23.6569 1670279523
132 24.104 1670279523
142 24.6884 1670279523
15 14.5749 1670279553
21 17.1259 1670279553
37 17.684 1670279553
49 20.787 1670279553
112 19.5935 1670279553
129 23.7827 1670279553
132 23.9264 1670279553
142 24.8087 1670279553
15 14.5542 1670279583
21 16.9103 1670279583
37 17.6915 1670279583
49 20.6435 1670279583
112 19.5868 1670279583
129 23.7713 1670279583
132 24.0987 1670279583
142 24.7624 1670279583
15 14.6545 1670279613
21 16.8331 1670279613
37 17.507 1670279613
49 20.5807 1670279613
112 19.4305 1670279613
129 23.7933 1670279613
132 24.2345 1670279613
142 24.8914 1670279613
15 14.6875 1670279643
21 16.9408 1670279643
37 17.6816 1670279643
49 20.4147 1670279643
112 19.4592 1670279643
129 23.935 1670279643
132 24.3013 1670279643
142 24.6915 1670279643
15 14.6939 1670279673
21 16.7912 1670279673
37 17.5654 1670279673
49 20.6072 1670279673
112 19.4406 1670279673
129 23.9972 1670279673
132 24.3541 1670279673
142 24.6742 1670279673
15 14.6427 1670279703
21 16.6679 1670279703
37 17.5478 1670279703
49 20.5945 1670279703
112 19.2537 1670279703
129 24.1431 1670279703
132 24.5555 1670279703
142 24.7914 1670279703
15 14.7734 1670279733
21 16.8743 1670279733
37 17.4275 1670279733
49 20.5658 1670279733
112 19.1507 1670279733
129 24.2936 1670279733
132 24.5655 1670279733
142 24.8591 1670279733
15 14.9518 1670279763
21 16.6978 1670279763
37 17.3959 1670279763
49 20.3455 1670279763
112 19.2408 1670279763
129 24.148 1670279763
132 24.7483 1670279763
142 24.6329 1670279763
15 15.1222 1670279793
21 16.8733 1670279793
37 17.6295 1670279793
49 20.5793 1670279793
112 19.0572 1670279793
129 24.3754 1670279793
132 24.7522 1670279793
142 24.3885 1670279793
15 15.16 1670279823
21 16.6944 1670279823
37 17.4609 1670279823
49 20.661 1670279823
112 19.1048 1670279823
129 24.2703 1670279823
132 24.9427 1670279823
142 24.5644 1670279823
15 15.3925 1670279853
21 16.9441 1670279853
37 17.3652 1670279853
49 20.516 1670279853
112 19.0915 1670279853
129 24.3776 1670279853
132 24.9901 1670279853
142 24.754 1670279853
15 15.4447 1670279883
21 17.1938 1670279883
37 17.3963 1670279883
49 20.757 1670279883
112 19.074 1670279883
129 24.1715 1670279883
132 25.2113 1670279883
142 24.5903 1670279883
15 15.5923 1670279913
21 17.3923 1670279913
37 17.5499 1670279913
49 20.6078 1670279913
112 18.9479 1670279913
129 24.1963 1670279913
132 25.1159 1670279913
142 24.385 1670279913
15 15.6682 1670279943
21 17.1682 1670279943
37 17.6566 1670279943
49 20.6126 1670279943
112 19.0413 1670279943
129 24.0442 1670279943
132 25.0874 1670279943
142 24.2576 1670279943
15 15.476 1670279973
21 17.0481 1670279973
37 17.6402 1670279973
49 20.7903 1670279973
112 18.9808 1670279973
129 24.0455 1670279973
132 25.3229 1670279973
142 24.4582 1670279973
15 15.3121 1670280003
21 16.9843 1670280003
37 17.6477 1670280003
49 20.8062 1670280003
112 18.9389 1670280003
129 23.9641 1670280003
132 25.1325 1670280003
142 24.642 1670280003
15 15.2988 1670280033
21 16.8346 1670280033
37 17.4869 1670280033
49 20.6931 1670280033
112 18.8042 1670280033
129 23.731 1670280033
132 25.0443 1670280033
142 24.5338 1670280033
15 15.4768 1670280063
21 16.8779 1670280063
37 17.3376 1670280063
49 20.9219 1670280063
112 18.6825 1670280063
129 23.6789 1670280063
132 24.9509 1670280063
142 24.7178 1670280063
15 15.7105 1670280093
21 16.7309 1670280093
37 17.1433 1670280093
49 20.9652 1670280093
112 18.9018 1670280093
129 23.7796 1670280093
132 24.8398 1670280093
142 24.7427 1670280093
15 15.6204 1670280123
21 16.7874 1670280123
37 17.2898 1670280123
49 21.1793 1670280123
112 18.8 1670280123
129 23.8984 1670280123
132 25.0656 1670280123
142 24.8365 1670280123
15 15.6729 1670280153
21 16.6754 1670280153
37 17.4439 1670280153
49 21.1205 1670280153
112 18.9844 1670280153
129 23.9728 1670280153
132 25.207 1670280153
142 24.8131 1670280153
15 15.4482 1670280183
21 16.8608 1670280183
37 17.6029 1670280183
49 21.0707 1670280183
112 18.9117 1670280183
129 24.1831 1670280183
132 25.3975 1670280183
142 24.7305 1670280183
15 15.6511 1670280213
21 17.0575 1670280213
37 17.8162 1670280213
49 20.8465 1670280213
112 19.0022 1670280213
129 23.9941 1670280213
132 25.1991 1670280213
142 24.5433 1670280213
15 15.8523 1670280243
21 17.1755 1670280243
37 18.0063 1670280243
49 20.6665 1670280243
112 19.0281 1670280243
129 23.8134 1670280243
132 25.179 1670280243
142 24.4012 1670280243
15 15.9415 1670280273
21 17.2891 1670280273
37 18.1788 1670280273
49 20.7192 1670280273
112 19.1508 1670280273
129 23.8089 1670280273
132 24.9338 1670280273
142 24.3936 1670280273
15 16.0387 1670280303
21 17.1809 1670280303
37 18.3855 1670280303
49 20.8798 1670280303
112 19.1844 1670280303
129 24.0588 1670280303
132 24.9564 1670280303
142 24.4381 1670280303
15 15.8609 1670280333
21 17.0481 1670280333
37 18.4269 1670280333
49 21.0243 1670280333
112 19.3815 1670280333
129 24.0565 1670280333
132 25.0383 1670280333
142 24.6847 1670280333
15 15.9694 1670280363
21 17.0977 1670280363
37 18.2756 1670280363
49 20.8594 1670280363
112 19.229 1670280363
129 24.0483 1670280363
132 24.9267 1670280363
142 24.763 1670280363
15 16.1378 1670280393
21 17.1305 1670280393
37 18.399 1670280393
49 20.8864 1670280393
112 19.3541 1670280393
129 24.1435 1670280393
132 24.7805 1670280393
142 24.9588 1670280393
15 15.9841 1670280423
21 16.9793 1670280423
37 18.3855 1670280423
49 20.8098 1670280423
112 19.1369 1670280423
129 23.9832 1670280423
132 24.6776 1670280423
142 24.979 1670280423
15 16.2071 1670280453
21 16.9501 1670280453
37 18.3646 1670280453
49 20.6642 1670280453
112 18.9453 1670280453
129 23.8889 1670280453
132 24.5953 1670280453
142 24.8754 1670280453
15 16.4523 1670280483
21 16.8657 1670280483
37 18.4806 1670280483
49 20.4153 1670280483
112 19.0168 1670280483
129 23.7127 1670280483
132 24.4894 1670280483
142 24.9489 1670280483
15 16.2245 1670280513
21 17.0672 1670280513
37 18.4643 1670280513
49 20.5705 1670280513
112 18.8538 1670280513
129 23.4796 1670280513
132 24.4195 1670280513
142 25.0788 1670280513
15 16.0495 1670280543
21 16.9288 1670280543
37 18.4753 1670280543
49 20.6753 1670280543
112 19.0344 1670280543
129 23.2331 1670280543
132 24.1832 1670280543
142 24.9181 1670280543
15 15.979 1670280573
21 16.7289 1670280573
37 18.6831 1670280573
49 20.7324 1670280573
112 19.0145 1670280573
129 23.1574 1670280573
132 24.2079 1670280573
142 24.7921 1670280573
15 15.7353 1670280603
21 16.736 1670280603
37 18.8534 1670280603
49 20.8342 1670280603
112 18.7719 1670280603
129 22.9536 1670280603
132 24.0866 1670280603
142 24.938 1670280603
15 15.4965 1670280633
21 16.7497 1670280633
37 18.8264 1670280633
49 20.9105 1670280633
112 18.9647 1670280633
129 22.9669 1670280633
132 24.2099 1670280633
142 24.9597 1670280633
15 15.2518 1670280663
21 16.7263 1670280663
37 19.0538 1670280663
49 20.7216 1670280663
112 19.0983 1670280663
129 23.1078 1670280663
132 24.0163 1670280663
142 25.0381 1670280663
15 15.49 1670280693
21 16.6604 1670280693
37 19.118 1670280693
49 20.8477 1670280693
112 18.9795 1670280693
129 23.0552 1670280693
132 24.0414 1670280693
142 25.0735 1670280693
15 15.448 1670280723
21 16.7206 1670280723
37 19.2325 1670280723
49 20.6945 1670280723
112 18.9217 1670280723
129 22.9751 1670280723
132 24.2624 1670280723
142 25.0353 1670280723
15 15.4245 1670280753
21 16.898 1670280753
37 19.4302 1670280753
49 20.7255 1670280753
112 18.7161 1670280753
129 22.9234 1670280753
132 24.2964 1670280753
142 24.8885 1670280753
15 15.4739 1670280783
21 16.756 1670280783
37 19.3248 1670280783
49 20.5048 1670280783
112 18.7503 1670280783
129 23.1108 1670280783
132 24.3882 1670280783
142 25.0627 1670280783
15 15.3299 1670280813
21 16.9098 1670280813
37 19.3034 1670280813
49 20.4572 1670280813
112 18.7888 1670280813
129 23.1905 1670280813
132 24.3969 1670280813
142 25.0461 1670280813
15 15.3787 1670280843
21 16.7606 1670280843
37 19.1077 1670280843
49 20.2911 1670280843
112 18.784 1670280843
129 23.0701 1670280843
132 24.2445 1670280843
142 24.8372 1670280843
15 15.606 1670280873
21 16.8915 1670280873
37 19.304 1670280873
49 20.0506 1670280873
112 18.6159 1670280873
129 22.8404 1670280873
132 24.0895 1670280873
142 24.6933 1670280873
15 15.381 1670280903
21 17.0555 1670280903
37 19.4777 1670280903
49 20.0254 1670280903
112 18.8149 1670280903
129 22.6453 1670280903
132 23.9259 1670280903
142 24.8824 1670280903
15 15.4298 1670280933
21 16.9765 1670280933
37 19.4173 1670280933
49 20.031 1670280933
112 19.0597 1670280933
129 22.5841 1670280933
132 23.9515 1670280933
142 24.9994 1670280933
15 15.5732 1670280963
21 16.8936 1670280963
37 19.4301 1670280963
49 20.1234 1670280963
112 19.0116 1670280963
129 22.4204 1670280963
132 23.9811 1670280963
142 24.8591 1670280963
15 15.4857 1670280993
21 17.0415 1670280993
37 19.5648 1670280993
49 19.9133 1670280993
112 18.8057 1670280993
129 22.3757 1670280993
132 23.9786 1670280993
142 25.0399 1670280993
15 15.555 1670281023
21 17.2186 1670281023
37 19.7465 1670281023
49 20.0557 1670281023
112 18.7158 1670281023
129 22.4839 1670281023
132 24.0219 1670281023
142 24.8515 1670281023
15 15.6048 1670281053
21 17.3908 1670281053
37 19.9789 1670281053
49 19.9704 1670281053
112 18.6009 1670281053
129 22.2864 1670281053
132 23.7818 1670281053
142 24.8335 1670281053
15 15.483 1670281083
21 17.549 1670281083
37 20.1641 1670281083
49 20.176 1670281083
112 18.6776 1670281083
129 22.4242 1670281083
132 23.9538 1670281083
142 24.8956 1670281083
15 15.5113 1670281113
21 17.4312 1670281113
37 20.0659 1670281113
49 20.0476 1670281113
112 18.8991 1670281113
129 22.3453 1670281113
132 24.1292 1670281113
142 24.8843 1670281113
15 15.7604 1670281143
21 17.3659 1670281143
37 19.8232 1670281143
49 20.1114 1670281143
112 18.7096 1670281143
129 22.2681 1670281143
132 23.8874 1670281143
142 24.729 1670281143
15 15.738 1670281173
21 17.5431 1670281173
37 20.0276 1670281173
49 19.9254 1670281173
112 18.6369 1670281173
129 22.1206 1670281173
132 24.0233 1670281173
142 24.8971 1670281173
15 15.5776 1670281203
21 17.6036 1670281203
37 20.0565 1670281203
49 19.94 1670281203
112 18.5396 1670281203
129 22.3079 1670281203
132 23.8704 1670281203
142 24.6836 1670281203
15 15.3865 1670281233
21 17.706 1670281233
37 19.9128 1670281233
49 19.7392 1670281233
112 18.7883 1670281233
129 22.2208 1670281233
132 23.7161 1670281233
142 24.902 1670281233
15 15.2565 1670281263
21 17.8184 1670281263
37 20.1029 1670281263
49 19.508 1670281263
112 18.6912 1670281263
129 22.2972 1670281263
132 23.9096 1670281263
142 24.8313 1670281263
15 15.2695 1670281293
21 18.0299 1670281293
37 19.9076 1670281293
49 19.7166 1670281293
112 18.5217 1670281293
129 22.0603 1670281293
132 24.0149 1670281293
142 24.838 1670281293
15 15.3344 1670281323
21 17.8299 1670281323
37 20.1015 1670281323
49 19.618 1670281323
112 18.5236 1670281323
129 22.2813 1670281323
132 23.8389 1670281323
142 24.9381 1670281323
15 15.0876 1670281353
21 17.6953 1670281353
37 20.074 1670281353
49 19.4978 1670281353
112 18.7122 1670281353
129 22.1389 1670281353
132 23.9441 1670281353
142 24.7147 1670281353
15 15.0683 1670281383
21 17.6046 1670281383
37 20.2364 1670281383
49 19.4508 1670281383
112 18.6141 1670281383
129 22.3633 1670281383
132 23.9168 1670281383
142 24.4691 1670281383
15 15.1557 1670281413
21 17.3986 1670281413
37 20.3865 1670281413
49 19.5575 1670281413
112 18.7319 1670281413
129 22.2492 1670281413
132 23.7831 1670281413
142 24.2855 1670281413
