15 15 1668883152
21 17 1668883152
37 18 1668883152
49 19 1668883152
112 20 1668883152
129 23 1668883152
132 24 1668883152
142 25 1668883152
15 15.1628 1668883182
21 17.043 1668883182
37 17.7971 1668883182
49 18.7999 1668883182
112 20.1212 1668883182
129 22.8379 1668883182
132 23.9926 1668883182
142 25.0736 1668883182
15 15.3158 1668883212
21 16.8124 1668883212
37 17.9842 1668883212
49 19.0158 1668883212
112 19.9039 1668883212
129 22.8853 1668883212
132 24.0393 1668883212
142 25.2009 1668883212
15 15.3261 1668883242
21 16.9752 1668883242
37 18.0288 1668883242
49 18.9315 1668883242
112 19.6561 1668883242
129 23.0014 1668883242
132 24.1603 1668883242
142 25.1502 1668883242
15 15.2255 1668883272
21 16.7481 1668883272
37 17.9414 1668883272
49 18.993 1668883272
112 19.8741 1668883272
129 22.8061 1668883272
132 23.9303 1668883272
142 25.0895 1668883272
15 15.1089 1668883302
21 16.8215 1668883302
37 17.9804 1668883302
49 18.8608 1668883302
112 19.9439 1668883302
129 22.7605 1668883302
132 24.1409 1668883302
142 24.9319 1668883302
15 15.1027 1668883332
21 16.619 1668883332
37 17.756 1668883332
49 18.9051 1668883332
112 20.139 1668883332
129 22.5695 1668883332
132 24.1588 1668883332
142 24.9773 1668883332
15 15.2048 1668883362
21 16.6972 1668883362
37 17.8393 1668883362
49 18.9776 1668883362
112 20.2459 1668883362
129 22.5512 1668883362
132 24.285 1668883362
142 24.9645 1668883362
15 15.3408 1668883392
21 16.5706 1668883392
37 17.8719 1668883392
49 18.7656 1668883392
112 20.2611 1668883392
129 22.4844 1668883392
132 24.1535 1668883392
142 25.1737 1668883392
15 15.5336 1668883422
21 16.6001 1668883422
37 17.8857 1668883422
49 18.862 1668883422
112 20.2745 1668883422
129 22.4428 1668883422
132 24.3657 1668883422
142 25.1679 1668883422
15 15.3488 1668883452
21 16.443 1668883452
37 17.9164 1668883452
49 18.6361 1668883452
112 20.3184 1668883452
129 22.6304 1668883452
132 24.2231 1668883452
142 25.154 1668883452
15 15.4656 1668883482
21 16.5668 1668883482
37 17.8467 1668883482
49 18.8243 1668883482
112 20.0866 1668883482
129 22.6529 1668883482
132 24.1699 1668883482
142 25.2909 1668883482
15 15.5195 1668883512
21 16.6324 1668883512
37 18.0799 1668883512
49 18.7516 1668883512
112 19.9595 1668883512
129 22.8711 1668883512
132 23.969 1668883512
142 25.0981 1668883512
15 15.4947 1668883542
21 16.7759 1668883542
37 17.9513 1668883542
49 18.5034 1668883542
112 20.1673 1668883542
129 22.8862 1668883542
132 23.7911 1668883542
142 24.9241 1668883542
15 15.5901 1668883572
21 16.6184 1668883572
37 18.053 1668883572
49 18.4573 1668883572
112 20.1303 1668883572
129 22.6867 1668883572
132 23.8633 1668883572
142 24.754 1668883572
15 15.3679 1668883602
21 16.8443 1668883602
37 18.2173 1668883602
49 18.6279 1668883602
112 19.994 1668883602
129 22.9354 1668883602
132 23.6984 1668883602
142 24.9665 1668883602
15 15.3014 1668883632
21 17.0488 1668883632
37 18.0938 1668883632
49 18.5359 1668883632
112 20.0743 1668883632
129 22.6872 1668883632
132 23.7656 1668883632
142 25.0249 1668883632
15 15.2916 1668883662
21 16.9117 1668883662
37 17.8959 1668883662
49 18.5487 1668883662
112 20.302 1668883662
129 22.887 1668883662
132 23.8633 1668883662
142 25.0068 1668883662
15 15.5026 1668883692
21 16.7429 1668883692
37 17.817 1668883692
49 18.6271 1668883692
112 20.2547 1668883692
129 22.6972 1668883692
132 23.982 1668883692
142 24.8667 1668883692
15 15.6988 1668883722
21 16.7054 1668883722
37 17.6442 1668883722
49 18.4074 1668883722
112 20.4453 1668883722
129 22.9406 1668883722
132 24.1841 1668883722
142 24.8979 1668883722
15 15.8351 1668883752
21 16.6996 1668883752
37 17.565 1668883752
49 18.3251 1668883752
112 20.6521 1668883752
129 23.096 1668883752
132 24.0526 1668883752
142 25.0279 1668883752
15 15.6731 1668883782
21 16.6258 1668883782
37 17.3904 1668883782
49 18.3047 1668883782
112 20.674 1668883782
129 23.2559 1668883782
132 24.1529 1668883782
142 24.8685 1668883782
15 15.8677 1668883812
21 16.6656 1668883812
37 17.2432 1668883812
49 18.1644 1668883812
112 20.4387 1668883812
129 23.1246 1668883812
132 24.2862 1668883812
142 24.8502 1668883812
15 15.991 1668883842
21 16.4908 1668883842
37 16.9999 1668883842
49 18.0924 1668883842
112 20.3238 1668883842
129 22.904 1668883842
132 24.1704 1668883842
142 24.8323 1668883842
15 16.0448 1668883872
21 16.5476 1668883872
37 16.768 1668883872
49 18.0876 1668883872
112 20.3318 1668883872
129 22.662 1668883872
132 24.1432 1668883872
142 24.7957 1668883872
15 15.855 1668883902
21 16.4231 1668883902
37 16.7477 1668883902
49 17.9115 1668883902
112 20.3408 1668883902
129 22.9104 1668883902
132 24.1157 1668883902
142 24.6226 1668883902
15 16.0443 1668883932
21 16.4178 1668883932
37 16.7991 1668883932
49 18.1139 1668883932
112 20.4821 1668883932
129 23.0047 1668883932
132 23.8974 1668883932
142 24.5519 1668883932
15 16.2556 1668883962
21 16.465 1668883962
37 16.7438 1668883962
49 18.3553 1668883962
112 20.2389 1668883962
129 23.0352 1668883962
132 23.7411 1668883962
142 24.695 1668883962
15 16.136 1668883992
21 16.5913 1668883992
37 16.6934 1668883992
49 18.3073 1668883992
112 20.0493 1668883992
129 22.9699 1668883992
132 23.5929 1668883992
142 24.5123 1668883992
15 16.0108 1668884022
21 16.351 1668884022
37 16.8555 1668884022
49 18.1407 1668884022
112 20.0136 1668884022
129 22.8472 1668884022
132 23.6646 1668884022
142 24.409 1668884022
15 15.8616 1668884052
21 16.2214 1668884052
37 16.6409 1668884052
49 18.2747 1668884052
112 20.1717 1668884052
129 22.6791 1668884052
132 23.6422 1668884052
142 24.6173 1668884052
15 15.8973 1668884082
21 16.4654 1668884082
37 16.8126 1668884082
49 18.4229 1668884082
112 20.2122 1668884082
129 22.8094 1668884082
132 23.6917 1668884082
142 24.8138 1668884082
15 15.8542 1668884112
21 16.5859 1668884112
37 16.7103 1668884112
49 18.2976 1668884112
112 20.3362 1668884112
129 22.6609 1668884112
132 23.4928 1668884112
142 24.9861 1668884112
15 15.9006 1668884142
21 16.3631 1668884142
37 16.5792 1668884142
49 18.3947 1668884142
112 20.2846 1668884142
129 22.5028 1668884142
132 23.4046 1668884142
142 24.932 1668884142
15 15.8465 1668884172
21 16.2061 1668884172
37 16.5518 1668884172
49 18.3362 1668884172
112 20.2038 1668884172
129 22.4502 1668884172
132 23.6247 1668884172
142 24.9565 1668884172
15 15.9726 1668884202
21 16.3256 1668884202
37 16.717 1668884202
49 18.5633 1668884202
112 20.0173 1668884202
129 22.2749 1668884202
132 23.4148 1668884202
142 24.85 1668884202
15 15.9096 1668884232
21 16.1658 1668884232
37 16.7753 1668884232
49 18.5197 1668884232
112 20.2512 1668884232
129 22.1448 1668884232
132 23.2205 1668884232
142 25.0968 1668884232
15 15.8011 1668884262
21 16.2735 1668884262
37 16.8614 1668884262
49 18.604 1668884262
112 20.2763 1668884262
129 22.0109 1668884262
132 23.3805 1668884262
142 24.9902 1668884262
15 15.7002 1668884292
21 16.4693 1668884292
37 17.0402 1668884292
49 18.3655 1668884292
112 20.1339 1668884292
129 21.9143 1668884292
132 23.1816 1668884292
142 24.9395 1668884292
15 15.4573 1668884322
21 16.4561 1668884322
37 17.0757 1668884322
49 18.4421 1668884322
112 19.9622 1668884322
129 21.8857 1668884322
132 23.3494 1668884322
142 24.7577 1668884322
15 15.4836 1668884352
21 16.4997 1668884352
37 17.1639 1668884352
49 18.3519 1668884352
112 19.983 1668884352
129 21.7446 1668884352
132 23.2503 1668884352
142 24.6321 1668884352
15 15.401 1668884382
21 16.6833 1668884382
37 17.2444 1668884382
49 18.2177 1668884382
112 20.0051 1668884382
129 21.8625 1668884382
132 23.1914 1668884382
142 24.8194 1668884382
15 15.4375 1668884412
21 16.6113 1668884412
37 17.0741 1668884412
49 18.094 1668884412
112 19.8929 1668884412
129 21.7324 1668884412
132 23.3222 1668884412
142 24.8907 1668884412
15 15.6865 1668884442
21 16.4639 1668884442
37 17.3084 1668884442
49 18.0455 1668884442
112 19.9048 1668884442
129 21.8676 1668884442
132 23.3473 1668884442
142 25.09 1668884442
15 15.7297 1668884472
21 16.6139 1668884472
37 17.2014 1668884472
49 18.254 1668884472
112 19.6638 1668884472
129 22.0329 1668884472
132 23.1236 1668884472
142 25.0819 1668884472
15 15.8264 1668884502
21 16.7644 1668884502
37 17.0428 1668884502
49 18.4812 1668884502
112 19.7454 1668884502
129 21.9787 1668884502
132 23.3213 1668884502
142 25.0675 1668884502
15 15.6028 1668884532
21 16.878 1668884532
37 16.9272 1668884532
49 18.4462 1668884532
112 19.9078 1668884532
129 22.0962 1668884532
132 23.2543 1668884532
142 24.9521 1668884532
15 15.6314 1668884562
21 16.6948 1668884562
37 16.7191 1668884562
49 18.3627 1668884562
112 19.7896 1668884562
129 22.1241 1668884562
132 23.3069 1668884562
142 24.9734 1668884562
15 15.6835 1668884592
21 16.5133 1668884592
37 16.4699 1668884592
49 18.2725 1668884592
112 19.933 1668884592
129 22.1161 1668884592
132 23.181 1668884592
142 24.9632 1668884592
15 15.4605 1668884622
21 16.2815 1668884622
37 16.392 1668884622
49 18.1983 1668884622
112 19.6858 1668884622
129 22.2025 1668884622
132 23.0392 1668884622
142 24.7239 1668884622
15 15.4778 1668884652
21 16.0449 1668884652
37 16.6158 1668884652
49 18.2581 1668884652
112 19.8678 1668884652
129 22.146 1668884652
132 23.0988 1668884652
142 24.8862 1668884652
15 15.677 1668884682
21 16.0807 1668884682
37 16.6917 1668884682
49 18.0254 1668884682
112 19.9939 1668884682
129 22.1908 1668884682
132 22.9265 1668884682
142 25.0711 1668884682
15 15.4958 1668884712
21 16.2357 1668884712
37 16.467 1668884712
49 17.8321 1668884712
112 19.7896 1668884712
129 22.1263 1668884712
132 23.1585 1668884712
142 25.2442 1668884712
15 15.7199 1668884742
21 16.2354 1668884742
37 16.3997 1668884742
49 17.6716 1668884742
112 19.6637 1668884742
129 22.2181 1668884742
132 23.2186 1668884742
142 25.3213 1668884742
15 15.6934 1668884772
21 16.1741 1668884772
37 16.3996 1668884772
49 17.6281 1668884772
112 19.6729 1668884772
129 22.0996 1668884772
132 23.3923 1668884772
142 25.3892 1668884772
15 15.5641 1668884802
21 16.1757 1668884802
37 16.2292 1668884802
49 17.5985 1668884802
112 19.7744 1668884802
129 22.2465 1668884802
132 23.4286 1668884802
142 25.3541 1668884802
15 15.4026 1668884832
21 15.9707 1668884832
37 16.1948 1668884832
49 17.7591 1668884832
112 19.7722 1668884832
129 22.1765 1668884832
132 23.2485 1668884832
142 25.438 1668884832
15 15.4539 1668884862
21 16.0116 1668884862
37 16.127 1668884862
49 17.5173 1668884862
112 19.7702 1668884862
129 22.405 1668884862
132 23.4297 1668884862
142 25.2313 1668884862
15 15.6618 1668884892
21 15.8786 1668884892
37 16.3261 1668884892
49 17.3485 1668884892
112 19.6055 1668884892
129 22.3496 1668884892
132 23.4821 1668884892
142 24.9833 1668884892
15 15.6611 1668884922
21 15.7621 1668884922
37 16.5579 1668884922
49 17.217 1668884922
112 19.602 1668884922
129 22.188 1668884922
132 23.6073 1668884922
142 25.0019 1668884922
15 15.847 1668884952
21 15.8766 1668884952
37 16.6531 1668884952
49 16.9808 1668884952
112 19.5067 1668884952
129 22.039 1668884952
132 23.7276 1668884952
142 24.9375 1668884952
15 15.629 1668884982
21 15.9155 1668884982
37 16.6249 1668884982
49 17.0486 1668884982
112 19.6122 1668884982
129 22.1355 1668884982
132 23.654 1668884982
142 24.8752 1668884982
15 15.7407 1668885012
21 15.7249 1668885012
37 16.7935 1668885012
49 16.8602 1668885012
112 19.7634 1668885012
129 22.2867 1668885012
132 23.4125 1668885012
142 25.0604 1668885012
15 15.7282 1668885042
21 15.9106 1668885042
37 17.0282 1668885042
49 16.7661 1668885042
112 19.6738 1668885042
129 22.2765 1668885042
132 23.5488 1668885042
142 25.2522 1668885042
15 15.6654 1668885072
21 15.7275 1668885072
37 17.2155 1668885072
49 16.8482 1668885072
112 19.6597 1668885072
129 22.3034 1668885072
132 23.753 1668885072
142 25.1596 1668885072
15 15.4641 1668885102
21 15.4779 1668885102
37 17.2541 1668885102
49 16.925 1668885102
112 19.522 1668885102
129 22.5227 1668885102
132 23.9746 1668885102
142 25.1682 1668885102
15 15.5457 1668885132
21 15.4079 1668885132
37 17.1086 1668885132
49 16.6782 1668885132
112 19.2932 1668885132
129 22.6066 1668885132
132 23.9057 1668885132
142 25.1464 1668885132
15 15.3384 1668885162
21 15.3769 1668885162
37 17.035 1668885162
49 16.7973 1668885162
112 19.3922 1668885162
129 22.3643 1668885162
132 23.8785 1668885162
142 25.0206 1668885162
15 15.2533 1668885192
21 15.5245 1668885192
37 16.8645 1668885192
49 17.0246 1668885192
112 19.3365 1668885192
129 22.2721 1668885192
132 23.9282 1668885192
142 25.0717 1668885192
15 15.1792 1668885222
21 15.4134 1668885222
37 17.0131 1668885222
49 17.2607 1668885222
112 19.5029 1668885222
129 22.1268 1668885222
132 24.0927 1668885222
142 25.0185 1668885222
15 15.3236 1668885252
21 15.3312 1668885252
37 17.0172 1668885252
49 17.2316 1668885252
112 19.4638 1668885252
129 22.3594 1668885252
132 24.0385 1668885252
142 24.9558 1668885252
15 15.1206 1668885282
21 15.2178 1668885282
37 17.1854 1668885282
49 17.3786 1668885282
112 19.5996 1668885282
129 22.2083 1668885282
132 23.8851 1668885282
142 25.1091 1668885282
15 15.1253 1668885312
21 15.2025 1668885312
37 17.2607 1668885312
49 17.3885 1668885312
112 19.4646 1668885312
129 22.3525 1668885312
132 23.7402 1668885312
142 25.1687 1668885312
15 15.0224 1668885342
21 15.1146 1668885342
37 17.1029 1668885342
49 17.3886 1668885342
112 19.6999 1668885342
129 22.1284 1668885342
132 23.5217 1668885342
142 25.2018 1668885342
15 14.8008 1668885372
21 15.2243 1668885372
37 17.1831 1668885372
49 17.5641 1668885372
112 19.618 1668885372
129 21.9978 1668885372
132 23.7156 1668885372
142 25.3092 1668885372
15 14.9866 1668885402
21 15.0088 1668885402
37 16.9409 1668885402
49 17.5712 1668885402
112 19.8573 1668885402
129 21.8789 1668885402
132 23.8731 1668885402
142 25.3265 1668885402
15 14.7811 1668885432
21 15.0665 1668885432
37 17.1253 1668885432
49 17.3936 1668885432
112 19.699 1668885432
129 21.7011 1668885432
132 23.9701 1668885432
142 25.4715 1668885432
15 14.739 1668885462
21 15.0645 1668885462
37 16.9526 1668885462
49 17.4753 1668885462
112 19.6848 1668885462
129 21.4754 1668885462
132 23.8117 1668885462
142 25.4312 1668885462
15 14.9223 1668885492
21 14.9309 1668885492
37 17.0917 1668885492
49 17.3404 1668885492
112 19.5427 1668885492
129 21.6835 1668885492
132 24.0423 1668885492
142 25.4805 1668885492
15 15.0083 1668885522
21 15.0473 1668885522
37 16.9599 1668885522
49 17.2307 1668885522
112 19.5588 1668885522
129 21.7726 1668885522
132 24.0966 1668885522
142 25.3377 1668885522
15 14.7942 1668885552
21 15.0895 1668885552
37 16.9098 1668885552
49 17.3324 1668885552
112 19.3908 1668885552
129 21.881 1668885552
132 24.178 1668885552
142 25.1173 1668885552
15 14.6476 1668885582
21 15.0506 1668885582
37 16.9353 1668885582
49 17.1813 1668885582
112 19.3446 1668885582
129 22.0121 1668885582
132 24.1549 1668885582
142 24.9424 1668885582
15 14.8928 1668885612
21 14.9995 1668885612
37 16.8556 1668885612
49 17.1036 1668885612
112 19.2952 1668885612
129 22.1077 1668885612
132 24.197 1668885612
142 25.0483 1668885612
15 15.1079 1668885642
21 14.9232 1668885642
37 16.867 1668885642
49 17.3264 1668885642
112 19.166 1668885642
129 22.2347 1668885642
132 24.1238 1668885642
142 25.065 1668885642
15 15.0355 1668885672
21 14.7056 1668885672
37 16.7311 1668885672
49 17.4487 1668885672
112 19.1569 1668885672
129 22.2862 1668885672
132 24.3636 1668885672
142 25.1131 1668885672
15 14.9852 1668885702
21 14.563 1668885702
37 16.4984 1668885702
49 17.5632 1668885702
112 19.1625 1668885702
129 22.0982 1668885702
132 24.2229 1668885702
142 24.9149 1668885702
15 14.9362 1668885732
21 14.7118 1668885732
37 16.3986 1668885732
49 17.7288 1668885732
112 19.0256 1668885732
129 22.086 1668885732
132 24.4055 1668885732
142 24.8176 1668885732
15 14.7254 1668885762
21 14.8402 1668885762
37 16.1762 1668885762
49 17.9745 1668885762
112 18.8568 1668885762
129 22.3013 1668885762
132 24.4863 1668885762
142 24.9599 1668885762
15 14.9467 1668885792
21 14.7296 1668885792
37 16.0484 1668885792
49 17.8439 1668885792
112 19.0899 1668885792
129 22.0947 1668885792
132 24.4049 1668885792
142 24.8197 1668885792
15 15.1878 1668885822
21 14.7594 1668885822
37 15.9355 1668885822
49 17.9124 1668885822
112 19.1797 1668885822
129 22.2254 1668885822
132 24.5896 1668885822
142 25.0504 1668885822
15 15.1869 1668885852
21 14.678 1668885852
37 15.9939 1668885852
49 18.0184 1668885852
112 19.3347 1668885852
129 22.1827 1668885852
132 24.6197 1668885852
142 24.8858 1668885852
15 15.127 1668885882
21 14.5702 1668885882
37 16.0944 1668885882
49 17.8808 1668885882
112 19.374 1668885882
129 22.067 1668885882
132 24.4627 1668885882
142 24.9667 1668885882
15 15.2778 1668885912
21 14.5383 1668885912
37 16.0579 1668885912
49 18.1226 1668885912
112 19.148 1668885912
129 22.0052 1668885912
132 24.3759 1668885912
142 24.7407 1668885912
15 15.2691 1668885942
21 14.38 1668885942
37 16.028 1668885942
49 18.2249 1668885942
112 18.9287 1668885942
129 22.1393 1668885942
132 24.5894 1668885942
142 24.6261 1668885942
15 15.1262 1668885972
21 14.1355 1668885972
37 16.1347 1668885972
49 18.3846 1668885972
112 18.705 1668885972
129 22.1248 1668885972
132 24.4997 1668885972
142 24.4205 1668885972
15 15.0205 1668886002
21 13.9242 1668886002
37 15.9312 1668886002
49 18.3877 1668886002
112 18.8646 1668886002
129 22.1884 1668886002
132 24.3488 1668886002
142 24.4977 1668886002
15 15.2012 1668886032
21 14.1434 1668886032
37 15.7817 1668886032
49 18.2232 1668886032
112 18.7628 1668886032
129 22.0168 1668886032
132 24.3455 1668886032
142 24.6831 1668886032
15 14.9615 1668886062
21 13.9944 1668886062
37 15.7805 1668886062
49 17.9997 1668886062
112 18.6253 1668886062
129 21.9743 1668886062
132 24.4622 1668886062
142 24.8469 1668886062
15 14.9788 1668886092
21 14.0809 1668886092
37 15.7114 1668886092
49 18.064 1668886092
112 18.5458 1668886092
129 21.762 1668886092
132 24.3039 1668886092
142 24.7209 1668886092
15 15.1384 1668886122
21 14.122 1668886122
37 15.8426 1668886122
49 17.821 1668886122
112 18.4971 1668886122
129 21.5283 1668886122
132 24.0662 1668886122
142 24.7404 1668886122
